4
58
73.0 337.0
56.0 312.0
56.0 312.0
56.0 312.0
56.0 312.0
47.5 300.0
47.5 300.0
47.5 300.0
47.5 300.0
46.0 298.0
46.0 298.0
46.0 298.0
49.5 299.5
66.0 311.0
66.0 311.0
66.0 311.0
66.0 311.0
70.0 313.5
70.0 313.5
70.0 313.5
70.0 306.5
70.0 306.5
70.0 306.5
70.0 306.5
63.5 293.0
63.5 293.0
63.5 293.0
63.5 293.0
61.5 288.0
61.5 288.0
61.5 288.0
61.5 288.0
70.0 286.0
70.0 286.0
70.0 286.0
85.5 287.5
85.5 287.5
85.5 287.5
85.5 287.5
88.0 286.5
88.0 286.5
88.0 286.5
88.0 279.5
88.0 279.5
88.0 279.5
87.5 276.0
87.5 276.0
87.5 276.0
87.5 276.0
97.5 279.0
97.5 279.0
115.0 286.5
115.0 286.5
115.0 286.5
115.0 286.5
120.0 287.5
120.0 287.5
120.0 287.5
69
189.5 346.0
189.5 346.0
166.5 322.5
166.5 322.5
166.5 322.5
166.5 322.5
156.0 309.5
156.0 309.5
156.0 309.5
156.0 309.5
154.0 308.5
154.0 308.5
172.0 319.0
172.0 319.0
172.0 319.0
195.0 331.0
195.0 331.0
195.0 331.0
195.0 331.0
198.5 333.5
198.5 333.5
198.5 333.5
199.0 333.0
201.0 330.5
201.0 330.5
201.0 330.5
204.0 317.0
204.0 317.0
204.0 317.0
204.0 317.0
204.0 309.0
204.0 309.0
204.0 309.0
204.0 309.0
205.5 307.5
205.5 307.5
205.5 307.5
205.5 307.5
217.0 307.0
217.0 307.0
217.0 307.0
217.0 307.0
221.5 307.5
221.5 307.5
221.5 307.5
221.5 307.5
221.5 293.5
221.5 293.5
221.5 293.5
221.5 293.5
217.0 282.0
217.0 282.0
217.0 282.0
217.0 282.0
216.0 278.5
216.0 278.5
216.0 278.5
216.0 278.5
225.5 277.5
225.5 277.5
225.5 277.5
230.0 278.0
230.0 278.0
230.0 278.0
228.0 273.0
228.0 273.0
219.5 260.5
219.5 260.5
219.5 260.5
58
331.5 321.0
331.5 321.0
331.5 321.0
331.5 321.0
329.0 316.0
329.0 316.0
329.0 316.0
329.0 316.0
330.0 314.5
330.0 314.5
330.0 314.5
341.0 314.5
341.0 314.5
341.0 314.5
341.0 314.5
344.0 313.5
344.0 313.5
344.0 313.5
344.0 313.5
343.5 296.5
343.5 296.5
343.5 296.5
343.5 296.5
340.0 286.0
340.0 286.0
340.0 286.0
340.0 286.0
339.5 284.0
339.5 284.0
351.5 290.0
351.5 290.0
351.5 290.0
372.5 302.5
372.5 302.5
372.5 302.5
372.5 302.5
376.0 304.0
376.0 304.0
376.0 304.0
377.5 294.5
377.5 294.5
377.5 294.5
377.5 294.5
377.5 294.5
377.0 291.0
377.0 291.0
377.0 291.0
377.0 291.0
379.5 290.0
379.5 290.0
392.5 292.0
392.5 292.0
392.5 292.0
392.5 292.0
397.0 293.0
397.0 293.0
397.0 293.0
397.0 293.0
149
418.5 358.5
418.5 358.5
418.5 358.5
422.0 355.5
422.0 355.5
422.0 355.5
422.0 355.5
441.5 354.0
441.5 354.0
441.5 354.0
441.5 354.0
449.0 354.0
449.0 354.0
449.0 354.0
449.0 354.0
450.5 341.5
450.5 341.5
450.5 341.5
450.5 341.5
447.0 328.0
447.0 328.0
447.0 328.0
447.0 328.0
447.0 328.0
447.0 326.5
447.0 326.5
447.0 326.5
454.5 324.5
454.5 324.5
454.5 324.5
454.5 324.5
457.5 320.5
457.5 320.5
457.5 320.5
457.5 320.5
453.5 296.0
453.5 296.0
453.5 296.0
453.5 296.0
448.5 272.0
448.5 272.0
448.5 272.0
448.5 272.0
449.0 264.0
449.0 264.0
449.0 264.0
449.0 264.0
460.0 256.0
460.0 256.0
460.0 256.0
460.0 256.0
471.0 245.5
471.0 245.5
471.0 245.5
471.0 245.5
478.0 224.5
478.0 224.5
478.0 224.5
478.0 224.5
479.5 206.5
479.5 206.5
479.5 206.5
479.5 206.5
480.5 201.5
480.5 201.5
480.5 201.5
480.5 201.5
482.5 200.0
482.5 200.0
482.5 200.0
482.5 200.0
487.5 199.0
487.5 199.0
487.5 199.0
487.5 199.0
487.5 199.0
488.0 198.0
488.0 198.0
474.5 187.0
474.5 187.0
474.5 187.0
474.5 187.0
443.0 179.0
443.0 179.0
443.0 179.0
443.0 179.0
415.5 185.0
415.5 185.0
415.5 185.0
415.5 185.0
393.0 208.0
393.0 208.0
393.0 208.0
393.0 208.0
393.0 208.0
379.5 222.00000000000003
379.5 222.00000000000003
379.5 222.00000000000003
379.5 222.00000000000003
371.0 228.5
371.0 228.5
371.0 228.5
371.0 228.5
367.5 231.0
367.5 231.0
367.5 231.0
367.5 231.0
368.5 234.50000000000003
368.5 234.50000000000003
368.5 234.50000000000003
394.0 241.5
394.0 241.5
394.0 241.5
394.0 241.5
403.0 241.5
403.0 241.5
403.0 241.5
403.0 241.5
403.0 241.5
404.0 241.0
404.0 241.0
395.0 232.50000000000003
395.0 232.50000000000003
395.0 232.50000000000003
395.0 232.50000000000003
359.5 222.00000000000003
359.5 222.00000000000003
359.5 222.00000000000003
359.5 222.00000000000003
328.0 214.0
328.0 214.0
328.0 214.0
328.0 214.0
312.5 210.0
312.5 210.0
312.5 210.0
312.5 210.0
307.0 209.50000000000003
307.0 209.50000000000003
307.0 209.50000000000003
307.0 209.50000000000003
300.0 211.0
300.0 211.0
300.0 211.0
300.0 211.0
285.5 220.00000000000003
285.5 220.00000000000003
285.5 220.00000000000003
285.5 220.00000000000003
